3,2
3,1
3,3
10,155
10,4
10,156
10,108
10,23
10,2
10,3
11,8
11,4
11,20
11,6
11,2
11,3
9,6
9,4
9,2
9,3
8,9
8,6
8,4
8,2
8,3
12,2
12,1
12,3
25,12
25,11
25,10
25,9
25,8
25,7
25,6
25,5
25,4
25,3
25,2
25,1
25,0
24,8
24,7
24,6
24,5
24,4
24,3
24,2
24,1
24,0
23,35
23,34
23,33
23,32
23,31
23,30
23,29
23,28
23,27
23,26
23,25
23,24
23,23
23,22
23,21
23,20
23,19
23,18
23,17
23,16
23,15
23,14
23,13
23,12
23,11
23,10
23,9
23,8
23,7
23,6
23,5
23,4
23,3
23,2
23,1
23,0
11,27
11,26
11,25
11,24
11,1
11,23
10,308
10,307
10,306
20,2
10,305
20,1
10,304
20,3
10,303
10,302
10,301
10,300
10,299
10,298
